477.0	18539.35
364.0	17274.213333333333
364.0	15167.38
410.0	15566.32
364.0	12415.7
364.0	8585.416666666666
364.0	4868.34
364.0	4416.643333333333
364.0	3633.96
364.0	3006.35
364.0	3208.2966666666666
364.0	2532.826666666667
410.0	2777.99
452.0	1098.7566666666667
452.0	965.0933333333334
538.0	709.98
538.0	1750.3233333333333
364.0	2212.32
364.0	616.4566666666667
364.0	750.7533333333333
452.0	540.1866666666666
364.0	3819.076666666667
364.0	2339.3766666666666
364.0	981.4666666666667
409.0	1447.2266666666667
452.0	1061.2566666666667
364.0	4199.66
452.0	1508.1633333333334
364.0	1302.86
498.0	1217.97
452.0	546.1966666666667
364.0	1013.1
452.0	1080.08
364.0	994.8366666666667
364.0	3047.6633333333334
364.0	2832.7366666666667
364.0	4087.7033333333334
364.0	3411.94
364.0	1417.67
498.0	2534.9466666666667
364.0	2546.21
452.0	1429.57
538.0	546.74
538.0	1725.72
452.0	3269.306666666667
364.0	1688.2533333333333
494.0	621.5166666666667
364.0	1258.08
452.0	982.6833333333333
409.0	1422.55
364.0	715.4
364.0	1099.9733333333334
498.0	1660.0166666666667
364.0	1776.0933333333332
364.0	1648.69
538.0	540.1866666666666
452.0	1599.4766666666667
364.0	1995.2733333333333
364.0	1608.96
406.0	537.8866666666667
364.0	2987.85
364.0	846.3266666666667
364.0	2024.5566666666666
364.0	2327.84
364.0	1706.5633333333333
409.0	758.4633333333334
364.0	1150.21
364.0	1337.0233333333333
364.0	618.95
538.0	1680.6966666666667
364.0	1090.9666666666667
364.0	1015.8233333333334
364.0	2181.7233333333334
538.0	653.15
495.0	538.1666666666666
364.0	907.3033333333333
364.0	1163.5833333333333
364.0	2361.8
495.0	1422.2366666666667
452.0	570.8166666666667
452.0	1183.45
364.0	2548.8533333333335
494.0	1800.7433333333333
364.0	2644.2466666666664
364.0	1395.0033333333333
364.0	749.55
364.0	1513.0
364.0	1575.11
364.0	1604.55
538.0	2584.81
452.0	751.8433333333334
538.0	976.0266666666666
452.0	791.3866666666667
364.0	920.1533333333333
364.0	1668.92
364.0	1123.6266666666668
409.0	2905.01
364.0	2827.9333333333334
407.0	543.3433333333334
364.0	2129.95
364.0	2620.9166666666665
364.0	642.2633333333333
364.0	1129.65
364.0	759.5233333333333
364.0	1377.8533333333332
364.0	2181.62
406.0	1138.94
364.0	1273.9233333333334
364.0	914.83
364.0	1984.93
364.0	800.76
364.0	1189.03
364.0	2135.3966666666665
364.0	2802.3933333333334
364.0	1560.17
364.0	1478.3466666666666
364.0	2443.55
364.0	3845.286666666667
364.0	1536.0166666666667
364.0	1706.0666666666666
406.0	1725.28
407.0	1253.4433333333334
364.0	2467.06
364.0	1300.5666666666666
364.0	2242.1266666666666
364.0	3061.9266666666667
364.0	1740.31
364.0	2906.97
364.0	2634.5066666666667
364.0	972.77
364.0	1422.8066666666666
364.0	619.0566666666666
364.0	2947.483333333333
364.0	1580.2166666666667
364.0	1258.9333333333334
364.0	3051.2033333333334
364.0	1560.8033333333333
364.0	1360.2166666666667
364.0	954.4666666666667
364.0	2398.5266666666666
364.0	1006.7766666666666
364.0	814.0366666666666
364.0	2102.903333333333
364.0	2048.62
364.0	2184.0233333333335
364.0	2419.57
364.0	2058.41
364.0	1087.5433333333333
364.0	2696.7966666666666
407.0	646.0566666666666
407.0	991.6466666666666
364.0	1079.9333333333334
364.0	1608.3833333333334
364.0	652.8766666666667
364.0	2404.3566666666666
364.0	1700.9833333333333
364.0	2565.46
364.0	1669.0233333333333
407.0	2219.0833333333335
364.0	809.8566666666667
452.0	899.14
364.0	1148.7866666666666
452.0	834.2933333333333
364.0	2142.3633333333332
364.0	2391.536666666667
452.0	931.8666666666667
364.0	833.2133333333334
364.0	1580.9133333333334
452.0	1997.44
364.0	1453.7033333333334
407.0	817.37
364.0	2436.9966666666664
364.0	843.7
364.0	1840.4233333333334
364.0	1950.3866666666668
364.0	2536.84
364.0	1273.8833333333334
364.0	1121.4566666666667
364.0	1144.6433333333334
364.0	3345.3366666666666
364.0	2880.7366666666667
364.0	3783.4266666666667
364.0	2029.22
364.0	1823.5233333333333
364.0	4457.166666666667
364.0	1466.99
364.0	1954.8566666666666
364.0	1506.5766666666666
452.0	2129.9733333333334
452.0	3050.4566666666665
364.0	1949.2566666666667
452.0	569.0066666666667
364.0	2480.0433333333335
364.0	2843.73
364.0	2430.5833333333335
452.0	693.9233333333333
364.0	1656.1666666666667
364.0	1914.57
364.0	1712.97
364.0	2048.4
364.0	3199.27
410.0	1186.06
452.0	2729.24
452.0	1353.3766666666668
452.0	638.59
364.0	2915.9566666666665
364.0	1160.8333333333333
407.0	1886.9666666666667
364.0	1993.66
364.0	2769.98
407.0	1607.5266666666666
452.0	546.0766666666667
407.0	935.65
364.0	1781.7033333333334
452.0	550.2533333333333
364.0	1495.26
407.0	1582.6566666666668
364.0	988.09
364.0	1525.81
452.0	638.84
364.0	1302.71
409.0	2840.133333333333
452.0	693.3966666666666
364.0	1126.7366666666667
538.0	1321.8733333333332
452.0	1879.43
452.0	714.4533333333334
409.0	1116.73
364.0	1626.8733333333332
364.0	1861.5566666666666
538.0	616.28
364.0	2403.1366666666668
494.0	1857.61
538.0	650.86
364.0	2536.0266666666666
364.0	540.7233333333334
364.0	1267.16
364.0	2726.7966666666666
364.0	2041.67
364.0	2325.266666666667
364.0	833.9
364.0	3647.49
364.0	1334.87
364.0	1019.1933333333334
364.0	3929.1233333333334
364.0	2447.67
364.0	1546.72
452.0	1968.77
538.0	645.3166666666667
452.0	682.81
364.0	1472.8366666666666
364.0	1536.59
364.0	1262.96
364.0	1621.39
364.0	837.12
364.0	3938.6966666666667
449.0	2217.3966666666665
364.0	933.9666666666667
364.0	3898.76
364.0	2456.0633333333335
364.0	2654.2533333333336
364.0	1016.0566666666666
364.0	2361.016666666667
364.0	1714.4033333333334
364.0	1339.3033333333333
364.0	802.4466666666667
364.0	2383.95
364.0	1951.1966666666667
364.0	1121.4766666666667
364.0	1983.52
452.0	633.8233333333334
452.0	710.3366666666667
452.0	1541.2566666666667
364.0	2938.5066666666667
364.0	1465.3933333333334
364.0	2015.9966666666667
364.0	1853.3133333333333
364.0	1280.0166666666667
452.0	539.2233333333334
364.0	853.2333333333333
364.0	5747.3
364.0	906.3733333333333
364.0	1419.9133333333334
364.0	1367.9566666666667
364.0	1415.32
364.0	1419.0733333333333
364.0	1062.79
364.0	4662.863333333334
364.0	2522.3766666666666
364.0	1571.55
409.0	718.0933333333334
452.0	954.55
452.0	3046.9133333333334
452.0	1173.3
452.0	1273.23
452.0	2625.49
452.0	1658.55
452.0	930.27
452.0	769.0266666666666
452.0	1724.67
364.0	2989.0666666666666
452.0	2172.45
364.0	954.9133333333333
364.0	1257.55
364.0	3321.58
364.0	2079.4366666666665
364.0	2908.7833333333333
364.0	1348.6433333333334
364.0	1235.3333333333333
364.0	2693.193333333333
364.0	2376.0133333333333
364.0	890.26
364.0	3592.9266666666667
364.0	1025.7833333333333
364.0	1755.2666666666667
364.0	1283.15
364.0	2377.79
452.0	641.38
452.0	1966.7066666666667
364.0	1131.6233333333332
452.0	1315.8933333333334
364.0	1499.0366666666666
452.0	1829.8966666666668
364.0	1864.62
409.0	890.0833333333334
364.0	2639.44
364.0	3853.9
364.0	5204.71
364.0	1418.8633333333332
364.0	1096.3766666666668
364.0	2482.463333333333
364.0	1999.5166666666667
364.0	1757.6966666666667
364.0	1906.5366666666666
364.0	1282.8666666666666
364.0	3412.53
364.0	3075.943333333333
364.0	1885.2466666666667
364.0	1175.29
364.0	825.9066666666666
364.0	2741.903333333333
364.0	2732.2366666666667
364.0	1801.3266666666666
364.0	2438.1033333333335
364.0	1485.8266666666666
364.0	1972.39
364.0	679.4833333333333
364.0	1379.6566666666668
364.0	991.7733333333333
364.0	2648.77
364.0	4541.243333333333
364.0	1711.1333333333334
364.0	963.6966666666667
452.0	1209.38
494.0	544.4466666666667
452.0	2097.2166666666667
364.0	2179.3533333333335
364.0	3146.7633333333333
452.0	872.3366666666667
364.0	621.0133333333333
364.0	1413.45
364.0	1960.5166666666667
364.0	2056.97
364.0	4177.983333333334
364.0	2576.1766666666667
364.0	3513.84
406.0	996.7366666666667
364.0	4143.2266666666665
364.0	3982.97
364.0	1270.93
364.0	1342.55
364.0	3427.81
364.0	2184.51
364.0	2260.3966666666665
364.0	1364.62
407.0	3249.9466666666667
364.0	1988.0
364.0	1995.02
538.0	542.5133333333333
364.0	2013.0533333333333
364.0	1417.8333333333333
409.0	970.1466666666666
364.0	1952.3466666666666
364.0	2209.366666666667
364.0	562.5933333333334
406.0	749.6566666666666
364.0	1030.6366666666668
364.0	831.97
364.0	1764.11
364.0	1259.8366666666666
364.0	3981.59
364.0	2547.23
364.0	1340.34
364.0	2124.28
364.0	1604.91
538.0	542.1
364.0	1792.5433333333333
538.0	733.9366666666666
498.0	627.0033333333333
364.0	1973.46
364.0	888.4766666666667
364.0	941.92
364.0	1029.13
364.0	1369.1533333333334
364.0	1020.47
364.0	2339.64
364.0	1256.41
452.0	2666.3866666666668
409.0	2475.0433333333335
409.0	1693.1866666666667
452.0	2744.1233333333334
452.0	624.41
410.0	1166.12
452.0	3247.24
364.0	2970.1766666666667
409.0	1141.52
452.0	786.0
452.0	1665.81
538.0	539.3433333333334
498.0	809.8
498.0	745.2
364.0	1065.58
498.0	1321.9266666666667
452.0	603.6266666666667
452.0	538.1
364.0	4105.62
364.0	1648.6633333333334
364.0	1051.03
364.0	2479.0266666666666
364.0	1896.9933333333333
364.0	2300.88
364.0	2424.8966666666665
364.0	1602.6433333333334
364.0	1130.61
407.0	1748.01
409.0	2578.43
364.0	3887.846666666667
407.0	1168.2866666666666
364.0	1613.35
452.0	831.4433333333334
364.0	610.2
452.0	1952.5266666666666
364.0	2559.6066666666666
364.0	846.2166666666667
364.0	1790.0033333333333
364.0	1329.2533333333333
407.0	2878.43
452.0	1893.99
364.0	889.85
364.0	1107.27
498.0	2813.0666666666666
364.0	561.89
364.0	2016.4566666666667
364.0	1593.74
452.0	654.3333333333334
452.0	648.02
452.0	537.8633333333333
364.0	1302.23
364.0	3023.6133333333332
452.0	1671.74
494.0	539.9433333333334
538.0	1025.4266666666667
538.0	1865.9733333333334
494.0	1116.5666666666666
538.0	549.1533333333333
538.0	1115.8933333333334
449.0	948.3733333333333
452.0	1249.2266666666667
452.0	1376.4933333333333
538.0	1031.2166666666667
364.0	1265.7066666666667
364.0	539.8766666666667
364.0	791.2566666666667
538.0	1750.47
452.0	865.5233333333333
364.0	820.8866666666667
364.0	1500.45
364.0	1066.8533333333332
364.0	2166.0066666666667
538.0	648.7433333333333
364.0	537.42
407.0	1562.6566666666668
364.0	2542.0066666666667
364.0	1380.4233333333334
364.0	1053.85
364.0	2160.2366666666667
364.0	2057.2966666666666
364.0	1040.0666666666666
364.0	2219.3566666666666
364.0	2644.963333333333
364.0	848.3433333333334
364.0	1433.6833333333334
364.0	2231.4666666666667
364.0	2502.7266666666665
364.0	3898.0733333333333
364.0	1788.0866666666666
364.0	1184.41
364.0	3797.673333333333
409.0	943.3033333333333
407.0	760.12
364.0	1980.0533333333333
364.0	2708.8333333333335
364.0	2618.9366666666665
364.0	2400.0266666666666
364.0	918.6666666666666
364.0	2113.0233333333335
452.0	987.41
364.0	3242.6266666666666
364.0	1491.9333333333334
364.0	1303.8133333333333
364.0	3186.516666666667
364.0	2807.1833333333334
364.0	2599.0333333333333
364.0	1443.23
364.0	1954.3033333333333
364.0	1685.5
364.0	1319.18
364.0	3569.86
364.0	1012.1066666666667
364.0	2832.0733333333333
407.0	1440.0566666666666
407.0	1712.0366666666666
364.0	1851.1766666666667
364.0	3206.7266666666665
364.0	2497.55
364.0	2804.0033333333336
364.0	1832.1166666666666
452.0	1034.6566666666668
364.0	1310.1733333333334
364.0	1588.19
364.0	729.5766666666667
364.0	3007.06
364.0	2647.9333333333334
364.0	2241.016666666667
364.0	1850.92
364.0	1454.8166666666666
364.0	542.3766666666667
364.0	1487.61
364.0	1176.28
364.0	1842.9533333333334
364.0	2776.7533333333336
364.0	1811.6133333333332
364.0	1175.6933333333334
364.0	1293.8066666666666
364.0	4171.356666666667
364.0	2394.3966666666665
364.0	1892.6766666666667
364.0	3536.2833333333333
364.0	2080.5666666666666
364.0	1320.4033333333334
364.0	1075.1833333333334
364.0	845.3466666666667
364.0	2261.3366666666666
364.0	1913.9933333333333
364.0	1639.37
364.0	1927.7033333333334
364.0	2043.2466666666667
364.0	1873.3066666666666
364.0	1031.2166666666667
409.0	671.75
364.0	1549.4033333333334
364.0	2564.096666666667
364.0	3182.7833333333333
364.0	2186.233333333333
364.0	2475.0833333333335
364.0	854.3166666666667
364.0	894.5366666666666
364.0	1509.92
364.0	2935.27
364.0	3218.5433333333335
364.0	2249.0066666666667
364.0	849.23
364.0	1561.4966666666667
364.0	1709.3333333333333
364.0	1999.0033333333333
364.0	1139.0833333333333
364.0	1687.1933333333334
364.0	1315.62
364.0	1353.2633333333333
364.0	2043.6433333333334
364.0	1237.0566666666666
364.0	1475.8433333333332
364.0	1148.9333333333334
364.0	1263.4366666666667
364.0	2110.4133333333334
364.0	3079.77
364.0	1919.5666666666666
364.0	2271.7366666666667
364.0	3593.26
364.0	2478.0633333333335
364.0	3625.68
364.0	3830.91
364.0	2499.2166666666667
538.0	3226.35
452.0	572.99
364.0	751.2
364.0	1533.0033333333333
364.0	1162.3866666666668
364.0	2613.81
364.0	2308.3733333333334
364.0	1590.6966666666667
364.0	1445.3233333333333
364.0	1895.6133333333332
364.0	3485.096666666667
364.0	3739.94
364.0	3188.2833333333333
364.0	2618.31
364.0	1488.9133333333334
364.0	979.93
364.0	2736.16
364.0	2922.2166666666667
409.0	927.2066666666667
452.0	2097.1266666666666
452.0	762.42
364.0	1101.39
364.0	1546.3333333333333
364.0	2625.9
364.0	2046.0166666666667
364.0	4348.496666666667
364.0	1462.3266666666666
452.0	932.7733333333333
364.0	1060.7366666666667
364.0	1485.14
406.0	1584.3133333333333
494.0	4168.746666666667
452.0	1233.7633333333333
407.0	2886.9133333333334
364.0	2049.78
410.0	1537.0966666666666
452.0	2076.2933333333335
364.0	2897.923333333333
364.0	1623.78
410.0	1143.2466666666667
364.0	1189.2766666666666
364.0	4011.9666666666667
364.0	1375.5833333333333
452.0	1567.8266666666666
364.0	1453.81
364.0	2863.6133333333332
364.0	1535.14
364.0	1317.7933333333333
364.0	2228.01
364.0	2979.7833333333333
364.0	904.18
364.0	1722.12
364.0	1958.4533333333334
452.0	1285.8133333333333
364.0	1244.9966666666667
452.0	925.48
452.0	1359.3933333333334
364.0	1303.5166666666667
364.0	3162.5533333333333
364.0	2367.0633333333335
364.0	1694.77
364.0	1989.14
364.0	3079.9966666666664
364.0	2201.09
364.0	1140.57
364.0	2944.0033333333336
364.0	2550.2733333333335
452.0	1860.43
452.0	1492.6733333333334
452.0	824.8466666666667
452.0	1228.3066666666666
364.0	2486.1866666666665
364.0	2420.44
364.0	3422.3166666666666
364.0	2803.29
364.0	2926.8766666666666
364.0	2051.44
364.0	1209.6933333333334
364.0	1533.8966666666668
364.0	4908.86
364.0	1401.57
364.0	1208.3766666666668
364.0	860.97
452.0	873.0833333333334
364.0	1115.9633333333334
452.0	891.51
364.0	2148.1766666666667
407.0	1417.34
452.0	1993.42
409.0	2681.48
409.0	1563.4766666666667
364.0	1371.73
364.0	762.1466666666666
364.0	1875.8933333333334
452.0	1728.91
364.0	1452.01
364.0	1126.27
364.0	2066.31
364.0	649.27
364.0	2329.2566666666667
452.0	1066.9433333333334
452.0	879.0533333333333
406.0	1375.9333333333334
364.0	3851.266666666667
364.0	3235.346666666667
364.0	1549.29
452.0	2860.0133333333333
452.0	901.7233333333334
407.0	1612.0233333333333
452.0	655.06
364.0	5062.356666666667
364.0	1976.5533333333333
364.0	3087.366666666667
364.0	899.7566666666667
364.0	2199.193333333333
364.0	1953.4366666666667
364.0	1071.7966666666666
364.0	2008.5266666666666
364.0	2734.2033333333334
364.0	539.2966666666666
364.0	1588.5733333333333
364.0	2048.8133333333335
364.0	3091.6066666666666
364.0	2427.3633333333332
364.0	3625.3866666666668
364.0	1311.5166666666667
364.0	2987.2066666666665
364.0	921.0133333333333
364.0	1517.5266666666666
364.0	2776.23
364.0	1289.59
452.0	1566.53
538.0	543.58
364.0	2319.8366666666666
538.0	2329.9133333333334
407.0	957.9733333333334
364.0	830.3833333333333
364.0	1462.17
364.0	793.95
452.0	632.6466666666666
364.0	1833.1166666666666
538.0	892.3733333333333
538.0	1570.7633333333333
449.0	615.0966666666667
364.0	645.2966666666666
364.0	2180.1966666666667
364.0	1330.8766666666668
364.0	3311.826666666667
364.0	1136.01
364.0	1203.8
364.0	1391.86
364.0	2575.38
364.0	1876.9333333333334
364.0	3033.0
364.0	1990.89
364.0	3275.4333333333334
364.0	1708.6433333333334
452.0	646.4933333333333
364.0	1157.9466666666667
364.0	1883.33
364.0	2463.7
364.0	1171.0666666666666
364.0	2299.53
364.0	1493.93
364.0	1360.2066666666667
364.0	1953.4366666666667
364.0	2171.2766666666666
364.0	2092.4766666666665
364.0	2532.87
364.0	2370.2533333333336
364.0	964.98
364.0	1882.6066666666666
364.0	1510.1066666666666
364.0	4483.34
364.0	1907.5166666666667
452.0	1996.2166666666667
497.0	1038.8233333333333
494.0	1462.8733333333332
364.0	1062.2366666666667
364.0	1602.1333333333334
364.0	1173.6166666666666
364.0	954.2033333333334
364.0	2500.443333333333
364.0	2359.713333333333
364.0	1791.9133333333334
364.0	1149.4033333333334
364.0	2215.5433333333335
364.0	1312.3833333333334
364.0	1652.6533333333334
364.0	2704.3566666666666
364.0	3327.1866666666665
364.0	3269.6966666666667
364.0	1307.6433333333334
364.0	681.51
364.0	2425.6366666666668
364.0	1178.06
364.0	2152.8233333333333
364.0	2558.35
364.0	2164.45
364.0	1312.4233333333334
364.0	1271.3433333333332
364.0	1216.95
364.0	2882.8866666666668
364.0	1511.4966666666667
364.0	2799.846666666667
364.0	3432.6266666666666
364.0	3207.4466666666667
364.0	2107.41
406.0	2403.1266666666666
407.0	2006.2333333333333
452.0	926.5666666666667
364.0	2414.903333333333
364.0	1716.0166666666667
449.0	968.5833333333334
364.0	538.82
364.0	1774.77
364.0	4365.43
364.0	1241.5433333333333
364.0	1105.05
364.0	1357.6833333333334
452.0	547.43
407.0	1232.7433333333333
407.0	1812.4433333333334
364.0	1511.5133333333333
364.0	2629.1833333333334
364.0	4453.276666666667
364.0	1054.9666666666667
364.0	924.9766666666667
364.0	3832.4966666666664
364.0	1741.21
364.0	1783.2733333333333
364.0	534.6333333333333
364.0	2542.0033333333336
364.0	1931.5566666666666
449.0	818.8233333333334
364.0	2660.6133333333332
364.0	536.47
364.0	2120.8933333333334
364.0	1699.24
364.0	1861.7466666666667
364.0	2196.1633333333334
364.0	1796.9866666666667
364.0	1254.8833333333334
364.0	1706.2366666666667
364.0	1369.57
364.0	1197.3533333333332
364.0	1640.7133333333334
364.0	4212.2
364.0	2922.21
364.0	1196.8366666666666
364.0	2293.37
364.0	1063.2933333333333
364.0	1399.3566666666666
364.0	2137.3766666666666
364.0	2036.4233333333334
364.0	4346.046666666667
364.0	2156.2266666666665
364.0	3114.383333333333
364.0	1905.54
364.0	3122.193333333333
364.0	2260.0533333333333
452.0	992.7833333333333
364.0	1295.2533333333333
364.0	621.4566666666667
364.0	2086.576666666667
364.0	1549.8133333333333
364.0	2946.8166666666666
364.0	2193.9333333333334
364.0	1268.71
364.0	1136.5233333333333
364.0	845.2766666666666
364.0	2731.84
364.0	1261.25
406.0	1069.72
364.0	1282.2533333333333
364.0	4093.6633333333334
364.0	2002.0833333333333
364.0	2499.016666666667
452.0	927.0966666666667
364.0	1219.75
364.0	1340.0933333333332
364.0	1237.3466666666666
364.0	2176.1266666666666
364.0	3191.78
364.0	2906.0333333333333
364.0	1163.68
364.0	2572.3133333333335
364.0	863.1933333333334
364.0	2766.91
364.0	1953.3966666666668
364.0	2060.016666666667
364.0	1475.4066666666668
364.0	1567.7666666666667
364.0	860.0466666666666
452.0	636.5766666666667
406.0	812.21
364.0	2045.8866666666668
406.0	2010.09
364.0	1574.86
364.0	2497.7633333333333
364.0	2294.5133333333333
364.0	4794.913333333333
364.0	2317.5866666666666
364.0	664.3633333333333
364.0	3522.74
364.0	1284.41
364.0	1804.3133333333333
364.0	1316.4066666666668
364.0	2685.403333333333
364.0	1176.8633333333332
364.0	1155.88
364.0	4752.18
364.0	2159.9766666666665
364.0	636.88
364.0	1650.65
364.0	1977.81
364.0	2807.6566666666668
406.0	1726.5866666666666
364.0	2420.1833333333334
364.0	2422.11
406.0	1697.6033333333332
364.0	1252.2866666666666
364.0	1533.24
364.0	1140.53
364.0	927.96
364.0	2406.8966666666665
364.0	3093.99
364.0	1468.9333333333334
406.0	1152.0933333333332
407.0	745.1066666666667
449.0	1816.9666666666667
452.0	1655.3633333333332
495.0	1247.4066666666668
364.0	1465.4233333333334
406.0	1362.4966666666667
364.0	1779.9266666666667
364.0	847.8866666666667
538.0	617.67
538.0	1156.19
495.0	1190.9033333333334
364.0	1816.9233333333334
364.0	972.8266666666667
538.0	1174.1333333333334
538.0	959.4533333333334
452.0	620.37
364.0	2532.72
364.0	1783.4066666666668
364.0	1330.58
364.0	1600.8133333333333
364.0	2318.826666666667
364.0	2220.6833333333334
495.0	2386.15
406.0	1294.81
452.0	1220.6366666666668
364.0	1378.5233333333333
364.0	1059.6933333333334
364.0	3300.13
364.0	3024.4133333333334
364.0	2661.52
364.0	3892.0133333333333
364.0	2098.95
452.0	1047.44
364.0	1894.2666666666667
364.0	1885.1833333333334
364.0	2602.2733333333335
364.0	1757.5733333333333
364.0	970.2766666666666
364.0	2207.67
364.0	675.1633333333333
364.0	1272.8266666666666
364.0	1550.7066666666667
364.0	2768.2833333333333
364.0	2215.43
452.0	2142.2266666666665
364.0	834.9
364.0	2748.17
364.0	2479.286666666667
364.0	1576.9066666666668
364.0	1324.21
452.0	2247.5066666666667
364.0	1517.26
364.0	1558.21
364.0	984.1033333333334
364.0	1673.87
364.0	2581.2033333333334
364.0	1689.11
364.0	1625.8366666666666
364.0	4389.32
364.0	1539.7133333333334
409.0	2606.673333333333
364.0	716.6166666666667
364.0	1208.7366666666667
364.0	1189.5966666666666
364.0	1076.4
364.0	1526.6033333333332
452.0	712.4033333333333
364.0	929.0466666666666
364.0	1580.0666666666666
364.0	3218.77
364.0	2789.11
364.0	1088.6633333333334
364.0	871.6533333333333
364.0	3440.8333333333335
364.0	2261.1633333333334
364.0	1111.9966666666667
364.0	879.46
364.0	1140.65
364.0	2926.556666666667
364.0	1222.67
364.0	1225.8666666666666
364.0	1769.95
364.0	2435.4
364.0	2241.3133333333335
452.0	2316.536666666667
364.0	1211.22
364.0	1041.9133333333334
364.0	1538.83
364.0	954.63
364.0	1168.2133333333334
364.0	2038.15
364.0	1306.55
364.0	1042.6166666666666
364.0	2792.3766666666666
364.0	1381.0666666666666
364.0	863.46
364.0	1352.9366666666667
364.0	1839.1166666666666
364.0	539.8133333333334
364.0	1337.16
364.0	1872.2166666666667
364.0	2860.3166666666666
364.0	1965.8133333333333
364.0	2607.2966666666666
364.0	644.67
364.0	3167.8366666666666
364.0	1144.0066666666667
364.0	2494.7533333333336
364.0	1843.3266666666666
364.0	2916.2233333333334
364.0	2572.5866666666666
364.0	2712.33
364.0	1853.0566666666666
364.0	2163.6233333333334
364.0	1469.18
498.0	985.4533333333334
538.0	553.8566666666667
364.0	881.97
409.0	1136.6
364.0	2035.7366666666667
364.0	2893.09
364.0	2505.366666666667
364.0	1328.3866666666668
364.0	1530.6966666666667
364.0	851.7933333333333
364.0	739.8733333333333
364.0	1104.8033333333333
364.0	4232.486666666667
364.0	3550.17
364.0	2840.57
364.0	1435.6466666666668
364.0	2455.2733333333335
364.0	1645.3466666666666
364.0	1642.89
364.0	800.4933333333333
406.0	1011.9866666666667
364.0	536.46
364.0	2244.673333333333
364.0	2198.1
364.0	1858.24
452.0	1306.16
449.0	1621.1166666666666
449.0	550.6666666666666
449.0	2209.2233333333334
364.0	1085.4333333333334
449.0	847.1733333333333
364.0	2144.5233333333335
364.0	1158.1733333333334
364.0	2325.2966666666666
364.0	3715.03
364.0	730.9
449.0	654.3766666666667
364.0	1505.4133333333334
364.0	3500.713333333333
364.0	1211.0633333333333
364.0	1411.9366666666667
364.0	2385.1833333333334
364.0	1250.45
364.0	2060.97
364.0	1191.0933333333332
364.0	903.18
364.0	1469.7766666666666
364.0	1348.23
364.0	1863.4766666666667
364.0	1452.6866666666667
364.0	1842.9966666666667
364.0	3698.6133333333332
364.0	2416.81
364.0	5379.096666666666
364.0	1525.0633333333333
364.0	839.1933333333334
364.0	1247.6966666666667
364.0	2396.0733333333333
364.0	950.1933333333334
364.0	1622.75
364.0	2470.673333333333
364.0	2386.17
364.0	870.0
452.0	1620.4766666666667
364.0	3086.82
364.0	554.24
364.0	1315.6533333333334
364.0	1663.0566666666666
364.0	2029.1733333333334
364.0	2648.423333333333
364.0	1253.0566666666666
452.0	764.9566666666667
364.0	1254.35
364.0	2217.41
364.0	1268.47
364.0	1666.5066666666667
364.0	1798.15
364.0	1498.83
364.0	1354.4166666666667
364.0	1857.36
364.0	933.79
364.0	2765.0666666666666
364.0	2440.1033333333335
364.0	2500.1833333333334
364.0	1110.9033333333334
364.0	1853.5066666666667
364.0	2192.866666666667
364.0	1513.2833333333333
364.0	1576.7033333333334
364.0	850.08
364.0	1254.41
364.0	1190.44
364.0	1499.7233333333334
364.0	764.7566666666667
364.0	1148.4833333333333
364.0	3056.0733333333333
364.0	1925.47
364.0	864.7
364.0	1951.4766666666667
364.0	2858.4466666666667
364.0	2896.4566666666665
364.0	536.49
364.0	2458.883333333333
364.0	3387.0633333333335
364.0	2613.443333333333
364.0	1799.0933333333332
364.0	817.7266666666667
364.0	1923.91
364.0	958.4866666666667
364.0	2024.7033333333334
364.0	1335.2533333333333
364.0	1455.6833333333334
364.0	1524.5033333333333
364.0	2607.68
364.0	1359.0733333333333
364.0	1314.3066666666666
364.0	1604.6833333333334
364.0	2573.18
364.0	2144.26
364.0	4606.166666666667
364.0	2361.44
364.0	1757.1033333333332
364.0	765.8766666666667
364.0	1263.6633333333334
364.0	1325.8466666666666
364.0	2455.2466666666664
364.0	1532.6166666666666
538.0	2343.39
452.0	816.7033333333334
364.0	857.1233333333333
406.0	648.8433333333334
452.0	3237.4366666666665
364.0	918.78
364.0	1237.8866666666668
364.0	1213.9433333333334
498.0	1039.93
452.0	612.9933333333333
409.0	1108.8266666666666
452.0	1611.3033333333333
452.0	1572.8466666666666
364.0	2128.83
409.0	1454.4733333333334
364.0	4097.406666666667
452.0	1607.7966666666666
364.0	627.5666666666667
452.0	537.4266666666666
409.0	2868.193333333333
538.0	1748.01
538.0	734.5133333333333
498.0	538.7666666666667
497.0	1413.4466666666667
409.0	876.1366666666667
455.0	744.34
364.0	1148.9633333333334
364.0	1037.27
364.0	1041.9133333333334
364.0	1495.4533333333334
364.0	1173.5366666666666
364.0	3310.7833333333333
364.0	2420.94
364.0	763.4966666666667
364.0	1385.1233333333332
364.0	921.95
364.0	2087.4866666666667
364.0	1154.7266666666667
364.0	3166.4
364.0	1191.0466666666666
364.0	1071.8633333333332
364.0	2004.7466666666667
364.0	631.5033333333333
364.0	1685.6133333333332
364.0	2557.943333333333
364.0	2866.4
410.0	814.41
364.0	2817.0033333333336
452.0	1027.0666666666666
452.0	1604.32
364.0	3895.423333333333
452.0	628.5866666666667
364.0	603.7366666666667
364.0	726.1566666666666
364.0	733.83
364.0	718.5133333333333
364.0	1808.4166666666667
364.0	2029.0
364.0	1935.9666666666667
410.0	1113.8433333333332
364.0	760.49
364.0	841.6533333333333
364.0	2313.1966666666667
364.0	1493.9033333333334
364.0	2354.05
364.0	916.8066666666666
364.0	728.9
364.0	1111.5666666666666
364.0	1788.8633333333332
364.0	4014.7033333333334
364.0	3552.91
364.0	1758.4666666666667
364.0	2034.19
364.0	2224.1866666666665
364.0	3624.9566666666665
364.0	2424.73
364.0	2021.7566666666667
364.0	1050.6133333333332
364.0	883.63
364.0	1290.9933333333333
364.0	2379.3166666666666
410.0	1873.1066666666666
410.0	2670.54
409.0	827.5966666666667
498.0	1363.2633333333333
364.0	1240.0533333333333
364.0	1017.6866666666666
364.0	1152.27
364.0	537.7533333333333
364.0	1505.91
452.0	618.6933333333334
364.0	1793.6933333333334
364.0	3225.92
364.0	2849.9133333333334
364.0	1493.1466666666668
452.0	2481.32
452.0	2454.67
364.0	841.85
452.0	867.85
364.0	1544.1766666666667
364.0	2477.0866666666666
364.0	1851.4233333333334
364.0	1898.1633333333334
364.0	2062.516666666667
364.0	3715.88
364.0	2244.74
364.0	1186.1866666666667
364.0	1354.2933333333333
364.0	1843.4766666666667
364.0	1603.1666666666667
364.0	2674.806666666667
410.0	827.2733333333333
364.0	1139.0233333333333
410.0	2227.23
364.0	1071.4766666666667
364.0	2254.92
364.0	1771.76
409.0	1029.9566666666667
409.0	1998.4666666666667
364.0	1220.5433333333333
364.0	1133.11
364.0	5032.5633333333335
364.0	3071.9566666666665
364.0	2181.32
364.0	620.4866666666667
364.0	2773.3933333333334
452.0	1006.5133333333333
364.0	2005.17
364.0	2301.8133333333335
364.0	886.33
452.0	781.6666666666666
364.0	2820.556666666667
364.0	2019.5066666666667
364.0	1372.4833333333333
364.0	2030.21
364.0	2128.4533333333334
364.0	3263.556666666667
364.0	2035.5566666666666
364.0	3370.133333333333
364.0	2398.9
364.0	2206.1266666666666
364.0	2230.6
364.0	876.9533333333334
364.0	1420.3766666666668
364.0	2938.6466666666665
364.0	1838.03
364.0	3704.3866666666668
364.0	812.1466666666666
364.0	2357.0
498.0	1109.3
538.0	552.1133333333333
538.0	1496.7833333333333
538.0	955.7066666666667
364.0	953.9833333333333
538.0	1127.3566666666666
364.0	571.5133333333333
364.0	989.8133333333334
452.0	648.4766666666667
452.0	1073.1966666666667
364.0	540.3366666666667
364.0	1455.5666666666666
364.0	2157.7933333333335
364.0	2015.81
364.0	4136.733333333334
364.0	2376.5266666666666
538.0	1224.7866666666666
364.0	554.01
364.0	3133.5433333333335
538.0	734.1566666666666
452.0	3628.673333333333
538.0	548.5
538.0	675.9466666666667
538.0	1041.6466666666668
494.0	545.0933333333334
364.0	1788.2633333333333
364.0	663.28
364.0	996.5366666666666
452.0	1055.5933333333332
494.0	1158.0866666666666
494.0	552.3066666666666
407.0	706.6866666666666
364.0	1734.4733333333334
364.0	1615.5366666666666
364.0	2139.4333333333334
364.0	2742.6266666666666
364.0	1526.16
364.0	694.4833333333333
364.0	1519.3466666666666
364.0	1532.3566666666666
364.0	1912.9033333333334
364.0	1677.03
364.0	864.34
406.0	2498.77
364.0	1627.6666666666667
406.0	985.2133333333334
364.0	861.14
364.0	1474.8966666666668
364.0	2103.1033333333335
364.0	1877.4766666666667
364.0	4576.28
364.0	991.9766666666667
364.0	1617.7266666666667
364.0	1936.3733333333332
364.0	1576.82
364.0	1537.07
364.0	2548.1766666666667
364.0	1265.31
364.0	3326.7166666666667
364.0	1510.12
406.0	1054.0966666666666
364.0	852.5433333333333
364.0	1567.21
364.0	1872.17
364.0	2915.11
364.0	1429.27
364.0	1398.5466666666666
364.0	1641.9966666666667
364.0	1670.4933333333333
364.0	1232.8833333333334
364.0	3257.7233333333334
364.0	734.4533333333334
364.0	1097.75
364.0	1784.43
364.0	1562.13
364.0	2558.81
364.0	3477.31
364.0	2217.5266666666666
364.0	2084.383333333333
364.0	2162.82
364.0	1566.09
364.0	1761.8866666666668
364.0	1919.0133333333333
364.0	2121.0433333333335
364.0	806.4166666666666
364.0	1289.71
364.0	2104.6833333333334
494.0	1454.7766666666666
364.0	1585.9433333333334
364.0	1103.59
364.0	1119.92
364.0	1254.2366666666667
452.0	1280.0533333333333
364.0	809.8133333333334
364.0	5614.786666666667
364.0	750.0633333333334
364.0	740.24
452.0	736.1433333333333
364.0	2528.6
364.0	2783.673333333333
364.0	1191.76
364.0	1725.9233333333334
364.0	1889.4866666666667
364.0	1674.8933333333334
364.0	1200.2966666666666
364.0	1125.6166666666666
364.0	2951.83
364.0	952.3966666666666
364.0	1581.5766666666666
364.0	1971.3333333333333
364.0	2507.3033333333333
409.0	976.2333333333333
364.0	2054.903333333333
364.0	2413.7033333333334
364.0	1906.9933333333333
407.0	1532.25
364.0	1532.2433333333333
364.0	2381.64
364.0	1811.38
364.0	5768.636666666666
364.0	1634.8766666666668
364.0	1040.9233333333334
364.0	1131.7466666666667
364.0	790.5633333333334
364.0	3048.6866666666665
364.0	3477.4366666666665
364.0	616.68
364.0	1417.72
364.0	1150.12
364.0	3588.9733333333334
364.0	1832.2566666666667
364.0	1879.6866666666667
364.0	1334.0233333333333
364.0	1761.8366666666666
364.0	1664.1466666666668
364.0	2724.6133333333332
364.0	1277.68
364.0	2831.7466666666664
364.0	3079.943333333333
364.0	1840.91
364.0	1649.6033333333332
364.0	1456.8366666666666
364.0	979.0
364.0	1590.5566666666666
364.0	1366.17
364.0	2421.61
364.0	1189.3766666666668
364.0	2644.95
364.0	3850.2733333333335
364.0	2764.42
364.0	4375.24
364.0	2337.9933333333333
364.0	2041.75
364.0	1932.8333333333333
364.0	1538.3366666666666
452.0	661.09
364.0	3725.193333333333
364.0	2064.3566666666666
364.0	1585.3866666666668
364.0	1308.3733333333332
364.0	1597.44
407.0	1619.2766666666666
364.0	4482.156666666667
364.0	2984.8433333333332
364.0	3420.2466666666664
364.0	1193.6533333333334
364.0	639.1066666666667
452.0	1281.82
364.0	915.27
364.0	4134.796666666667
364.0	1744.28
364.0	1612.2133333333334
364.0	880.5466666666666
364.0	1757.9733333333334
364.0	1878.9733333333334
364.0	1598.89
364.0	1089.6566666666668
364.0	1005.4566666666667
364.0	1651.2933333333333
364.0	2110.03
364.0	2521.7266666666665
364.0	1536.7633333333333
364.0	1939.2233333333334
364.0	1377.58
364.0	1321.7033333333334
364.0	1138.9933333333333
364.0	2133.5266666666666
364.0	1914.4433333333334
364.0	5679.48
364.0	2490.76
364.0	1986.1266666666668
364.0	1922.2433333333333
364.0	828.3866666666667
364.0	4202.483333333334
364.0	843.7033333333334
364.0	1396.5066666666667
364.0	1451.23
364.0	1630.9366666666667
364.0	2720.87
364.0	2305.1066666666666
364.0	2411.62
364.0	2009.37
364.0	3377.7966666666666
407.0	865.9266666666666
364.0	748.1866666666666
364.0	4650.12
452.0	1835.9866666666667
364.0	716.2133333333334
364.0	1435.59
364.0	1151.07
364.0	2253.983333333333
452.0	1671.7233333333334
364.0	1134.8233333333333
364.0	1847.0366666666666
364.0	764.0833333333334
364.0	4430.4366666666665
364.0	2231.15
364.0	1799.64
452.0	1896.1266666666668
364.0	1074.3766666666668
364.0	2582.08
364.0	1220.6933333333334
364.0	1059.4433333333334
364.0	972.1033333333334
364.0	2354.7233333333334
364.0	2568.62
364.0	2679.01
364.0	2342.38
364.0	1428.26
364.0	534.7766666666666
364.0	2490.5333333333333
364.0	1903.25
364.0	636.83
364.0	2121.06
364.0	1877.2666666666667
407.0	2029.1533333333334
364.0	2381.0833333333335
364.0	2570.1466666666665
364.0	3185.806666666667
364.0	2273.3433333333332
364.0	1035.59
364.0	1255.84
364.0	1449.7566666666667
364.0	1005.7066666666667
364.0	1985.35
538.0	3393.3133333333335
364.0	744.54
364.0	1128.8533333333332
364.0	3351.3333333333335
364.0	1506.2966666666666
538.0	2708.616666666667
452.0	1515.1133333333332
364.0	1570.9733333333334
452.0	553.2366666666667
452.0	1936.0433333333333
364.0	1771.45
364.0	1707.81
452.0	566.46
364.0	2829.7066666666665
364.0	1057.0033333333333
364.0	1362.89
364.0	2153.82
364.0	831.6433333333333
364.0	1048.54
364.0	2598.766666666667
364.0	1694.0733333333333
364.0	1796.0766666666666
364.0	855.0433333333333
364.0	1876.4233333333334
364.0	3104.1133333333332
364.0	1497.25
364.0	2358.07
364.0	1820.55
364.0	1660.2833333333333
364.0	2344.7233333333334
364.0	2042.1866666666667
364.0	1085.3266666666666
364.0	1238.1266666666668
364.0	1332.0533333333333
364.0	1008.3166666666667
364.0	3960.903333333333
364.0	2928.576666666667
409.0	1183.98
410.0	2586.3866666666668
410.0	1460.5833333333333
364.0	1152.5766666666666
364.0	2829.9133333333334
409.0	1554.5766666666666
364.0	1178.7933333333333
364.0	1040.12
364.0	2053.1466666666665
364.0	1496.1733333333334
364.0	3671.3233333333333
452.0	770.92
364.0	2168.1766666666667
364.0	893.58
364.0	1702.24
364.0	831.2233333333334
452.0	548.2166666666667
364.0	1194.7966666666666
410.0	1497.3233333333333
364.0	1255.55
452.0	693.8033333333333
364.0	3050.576666666667
364.0	2577.806666666667
364.0	2709.3766666666666
364.0	786.39
364.0	1170.23
364.0	3418.4166666666665
364.0	2665.5133333333333
364.0	2344.2266666666665
364.0	1805.0
364.0	1455.9466666666667
364.0	1436.8133333333333
364.0	539.27
364.0	1160.4
364.0	1462.8733333333332
364.0	1889.54
364.0	1289.9
406.0	1662.2133333333334
409.0	607.47
364.0	1055.53
364.0	1191.8466666666666
364.0	834.4966666666667
452.0	1703.52
364.0	3003.233333333333
364.0	1192.43
410.0	536.4666666666667
364.0	750.8266666666667
364.0	5030.77
364.0	2053.5233333333335
364.0	830.4966666666667
364.0	1340.2566666666667
364.0	1152.86
364.0	1069.9866666666667
364.0	2251.423333333333
364.0	1952.0466666666666
364.0	2606.9666666666667
364.0	1571.0066666666667
364.0	2645.3633333333332
364.0	1358.6
364.0	1069.7633333333333
364.0	1741.7633333333333
364.0	1629.19
364.0	1235.63
364.0	2450.8233333333333
364.0	1662.3333333333333
364.0	1996.4866666666667
452.0	711.9533333333334
364.0	1062.78
538.0	732.1933333333334
495.0	1883.6366666666668
364.0	754.2866666666666
364.0	2349.17
364.0	984.5566666666666
364.0	2047.1266666666668
364.0	615.15
406.0	1281.15
364.0	1075.39
364.0	2168.923333333333
364.0	2464.693333333333
364.0	1957.2333333333333
364.0	2211.9533333333334
364.0	2718.45
364.0	1393.47
364.0	2820.45
364.0	2167.733333333333
364.0	2339.8233333333333
364.0	2288.016666666667
364.0	1784.6
364.0	951.5733333333334
364.0	798.35
364.0	1483.68
364.0	2191.9933333333333
364.0	2370.076666666667
364.0	1563.7566666666667
364.0	2855.66
364.0	1927.99
364.0	2786.19
364.0	2501.4566666666665
364.0	2026.9633333333334
364.0	2287.3533333333335
364.0	826.85
364.0	913.9466666666667
364.0	1375.4566666666667
364.0	2427.01
364.0	3588.0866666666666
364.0	925.19
410.0	1283.45
364.0	1399.7333333333333
364.0	1254.8533333333332
410.0	891.5366666666666
364.0	1397.9066666666668
364.0	2179.63
364.0	1539.76
364.0	2665.0833333333335
364.0	1430.78
364.0	746.4
364.0	3937.6566666666668
364.0	2240.9333333333334
364.0	1038.2466666666667
364.0	1196.84
494.0	2895.6666666666665
452.0	786.1666666666666
364.0	1808.44
364.0	2273.79
452.0	1011.4833333333333
494.0	1999.13
364.0	1662.2333333333333
452.0	917.03
364.0	535.3166666666667
364.0	2795.233333333333
364.0	810.47
452.0	1200.68
452.0	692.36
449.0	711.32
364.0	1166.1366666666668
364.0	2673.346666666667
364.0	1581.2533333333333
364.0	970.0166666666667
364.0	1736.1366666666668
364.0	947.4933333333333
364.0	2718.05
364.0	2396.9566666666665
364.0	1400.2466666666667
364.0	1518.63
364.0	2107.6133333333332
364.0	1111.5633333333333
364.0	2876.596666666667
364.0	1422.7966666666666
364.0	1049.1466666666668
364.0	4087.1666666666665
364.0	2058.74
364.0	1502.66
364.0	2424.3566666666666
364.0	1229.6933333333334
364.0	2136.7466666666664
364.0	3529.31
364.0	1552.2066666666667
364.0	795.71
364.0	1785.83
364.0	1446.16
364.0	2163.06
409.0	612.0133333333333
364.0	805.92
364.0	1991.9066666666668
364.0	1216.7866666666666
364.0	2296.366666666667
364.0	2658.8533333333335
364.0	3501.0266666666666
364.0	3823.983333333333
364.0	2098.8166666666666
364.0	2289.78
364.0	716.99
364.0	1874.1633333333334
364.0	1538.0266666666666
364.0	2703.383333333333
364.0	653.0666666666667
364.0	1849.0766666666666
364.0	1425.45
364.0	1834.87
364.0	2337.3
364.0	1595.9
364.0	1232.99
364.0	2807.6266666666666
364.0	1436.0566666666666
364.0	2256.33
364.0	3681.17
364.0	649.4233333333333
364.0	1560.3866666666668
364.0	1808.07
410.0	730.8966666666666
364.0	1649.8633333333332
364.0	1255.3466666666666
364.0	4566.363333333334
364.0	1407.5166666666667
364.0	1340.4233333333334
364.0	790.8366666666667
364.0	1270.9333333333334
364.0	1218.3433333333332
364.0	987.1933333333334
364.0	2652.0
364.0	1486.7166666666667
364.0	1434.1
364.0	1228.2433333333333
364.0	1072.54
364.0	1463.7166666666667
364.0	1203.1
364.0	1221.65
364.0	2996.65
364.0	2901.0666666666666
364.0	1300.8033333333333
364.0	1720.57
452.0	769.9333333333333
364.0	1773.3766666666668
364.0	1004.1533333333333
364.0	712.8766666666667
452.0	941.74
364.0	1031.9733333333334
364.0	3879.7633333333333
364.0	1490.27
364.0	1493.76
364.0	1528.9633333333334
364.0	1686.5066666666667
364.0	2565.3633333333332
364.0	1750.1666666666667
364.0	1885.1566666666668
364.0	1898.1633333333334
364.0	1986.7766666666666
364.0	1710.96
364.0	1808.1233333333332
364.0	2019.3066666666666
364.0	862.4866666666667
364.0	1304.03
364.0	1000.04
364.0	3644.3
364.0	1479.4133333333334
364.0	1228.6466666666668
364.0	1192.75
364.0	3538.14
364.0	2714.65
410.0	3906.9866666666667
364.0	826.6233333333333
364.0	1153.54
364.0	1059.08
364.0	4134.893333333333
364.0	4034.6266666666666
364.0	3747.57
364.0	1504.32
364.0	901.6966666666667
364.0	1713.5766666666666
406.0	1025.0866666666666
364.0	2191.806666666667
364.0	1037.5066666666667
364.0	1106.8933333333334
452.0	925.7733333333333
410.0	1095.6366666666668
364.0	2310.6833333333334
364.0	2002.09
364.0	2258.4933333333333
364.0	1473.9166666666667
364.0	841.93
452.0	1203.5966666666666
364.0	2025.0666666666666
364.0	1170.1466666666668
364.0	1527.32
364.0	1269.2666666666667
364.0	1490.2866666666666
364.0	943.7333333333333
364.0	1191.1066666666666
364.0	2914.5066666666667
364.0	1255.4633333333334
364.0	2226.82
364.0	857.81
364.0	1246.0066666666667
538.0	933.9533333333334
364.0	2269.11
364.0	2037.4
364.0	610.68
364.0	1697.3966666666668
364.0	1144.0433333333333
364.0	909.99
364.0	3823.87
364.0	1219.23
364.0	1781.3266666666666
364.0	1339.17
364.0	2767.8433333333332
364.0	1722.3366666666666
364.0	1074.6366666666668
364.0	1407.2166666666667
364.0	2378.983333333333
364.0	1431.4266666666667
364.0	745.09
364.0	2240.1066666666666
364.0	1516.5633333333333
364.0	642.76
364.0	1723.61
364.0	2555.5233333333335
364.0	1192.96
364.0	3518.286666666667
364.0	2186.7933333333335
364.0	1006.9533333333334
364.0	3098.33
364.0	3266.4366666666665
364.0	2348.903333333333
406.0	537.4133333333333
364.0	2003.3033333333333
364.0	678.7033333333334
364.0	4317.68
364.0	2216.16
364.0	1184.4633333333334
364.0	2080.44
364.0	1610.6433333333334
364.0	2130.596666666667
364.0	1972.67
364.0	1741.01
364.0	824.92
452.0	932.2066666666667
364.0	1792.5566666666666
364.0	2739.2266666666665
364.0	2198.0633333333335
364.0	1104.5133333333333
364.0	933.8633333333333
364.0	2795.75
364.0	2765.73
364.0	2100.0833333333335
364.0	674.3533333333334
364.0	1594.6566666666668
364.0	1058.46
364.0	1889.2766666666666
364.0	3123.61
364.0	2328.3966666666665
364.0	2071.71
364.0	1898.5033333333333
364.0	3309.18
364.0	1112.8066666666666
364.0	1246.1966666666667
364.0	974.31
364.0	948.2066666666667
364.0	1793.4133333333334
364.0	2411.18
364.0	1349.3133333333333
364.0	1373.19
364.0	1842.5933333333332
364.0	691.25
364.0	2534.2366666666667
364.0	1961.7033333333334
364.0	1059.04
452.0	987.75
452.0	830.1466666666666
364.0	4958.596666666666
364.0	2238.1033333333335
364.0	2715.0466666666666
452.0	837.2166666666667
452.0	811.7333333333333
452.0	538.3533333333334
364.0	2343.4733333333334
364.0	1018.8766666666667
364.0	2677.0833333333335
364.0	2164.9666666666667
364.0	2560.556666666667
364.0	2716.8766666666666
364.0	1374.7033333333334
364.0	1334.1166666666666
364.0	619.48
364.0	1934.9333333333334
364.0	1497.85
364.0	912.48
364.0	1077.62
364.0	891.7533333333333
364.0	1366.5133333333333
364.0	1740.95
364.0	1263.8066666666666
364.0	2546.74
364.0	2337.8366666666666
364.0	2494.78
364.0	1873.0633333333333
364.0	2133.4666666666667
364.0	2623.67
364.0	3464.7833333333333
364.0	1555.6733333333334
364.0	1668.18
364.0	1701.8533333333332
364.0	2950.0033333333336
364.0	1336.7766666666666
364.0	832.32
364.0	1286.1233333333332
364.0	2152.19
364.0	3204.556666666667
364.0	3017.2466666666664
364.0	1681.44
364.0	1703.5666666666666
364.0	2633.7033333333334
364.0	1680.91
364.0	2969.4
364.0	888.3966666666666
364.0	1038.62
364.0	1664.24
364.0	2308.806666666667
364.0	1370.7666666666667
364.0	2314.346666666667
364.0	2795.1833333333334
364.0	1363.45
364.0	2215.9666666666667
364.0	1337.1133333333332
364.0	929.13
364.0	946.94
